
import matplotlib.pyplot as plt
from Changing_parameters import N
from working_progonka import progonka
from Dirak_functions import integral_1_2, igrek
from Cell import theta
import math
PHI = progonka(0.001, 1)



hren = [
0.0000000000  ,
-0.0001372845 ,
-0.0005491230 ,
-0.0012354707 ,
-0.0021962535 ,
-0.0034313674 ,
-0.0049406797 ,
-0.0067240283 ,
-0.0087812227 ,
-0.0111120436 ,
-0.0137162433 ,
-0.0165935462 ,
-0.0197436487 ,
-0.0231662194 ,
-0.0268608998 ,
-0.0308273038 ,
-0.0350650186 ,
-0.0395736045 ,
-0.0443525956 ,
-0.0494014994 ,
-0.0547197977 ,
-0.0603069465 ,
-0.0661623763 ,
-0.0722854923 ,
-0.0786756748 ,
-0.0853322795 ,
-0.0922546376 ,
-0.0994420560 ,
-0.1068938180 ,
-0.1146091830 ,
-0.1225873870 ,
-0.1308276420 ,
-0.1393291410 ,
-0.1480910490 ,
-0.1571125120 ,
-0.1663926540 ,
-0.1759305770 ,
-0.1857253600 ,
-0.1957760630 ,
-0.2060817240 ,
-0.2166413600 ,
-0.2274539700 ,
-0.2385185310 ,
-0.2498339990 ,
-0.2613993140 ,
-0.2732133940 ,
-0.2852751400 ,
-0.2975834330 ,
-0.3101371370 ,
-0.3229350960 ,
-0.3359761400 ,
-0.3492590760 ,
-0.3627827000 ,
-0.3765457870 ,
-0.3905470960 ,
-0.4047853720 ,
-0.4192593410 ,
-0.4339677150 ,
-0.4489091910 ,
-0.4640824490 ,
-0.4794861570 ,
-0.4951189650 ,
-0.5109795120 ,
-0.5270664210 ,
-0.5433783020 ,
-0.5599137520 ,
-0.5766713530 ,
-0.5936496770 ,
-0.6108472810 ,
-0.6282627110 ,
-0.6458945000 ,
-0.6637411720 ,
-0.6818012350 ,
-0.7000731900 ,
-0.7185555250 ,
-0.7372467180 ,
-0.7561452360 ,
-0.7752495370 ,
-0.7945580690 ,
-0.8140692680 ,
-0.8337815650 ,
-0.8536933790 ,
-0.8738031210 ,
-0.8941091930 ,
-0.9146099910 ,
-0.9353039000 ,
-0.9561892990 ,
-0.9772645600 ,
-0.9985280460 ,
-1.0199781100 ,
-1.0416131200 ,
-1.0634314000 ,
-1.0854312900 ,
-1.1076111300 ,
-1.1299692400 ,
-1.1525039500 ,
-1.1752135700 ,
-1.1980964100 ,
-1.2211507700 ,
-1.2443749700 ,
-1.2677672800 ,
-1.2913260200 ,
-1.3150494600 ,
-1.3389359000 ,
-1.3629836100 ,
-1.3871908700 ,
-1.4115559700 ,
-1.4360771700 ,
-1.4607527400 ,
-1.4855809700 ,
-1.5105601000 ,
-1.5356884100 ,
-1.5609641600 ,
-1.5863856100 ,
-1.6119510300 ,
-1.6376586700 ,
-1.6635068000 ,
-1.6894936600 ,
-1.7156175200 ,
-1.7418766400 ,
-1.7682692800 ,
-1.7947936900 ,
-1.8214481300 ,
-1.8482308600 ,
-1.8751401300 ,
-1.9021742200 ,
-1.9293313900 ,
-1.9566098800 ,
-1.9840079800 ,
-2.0115239400 ,
-2.0391560400 ,
-2.0669025300 ,
-2.0947617000 ,
-2.1227318200 ,
-2.1508111700 ,
-2.1789980200 ,
-2.2072906500 ,
-2.2356873600 ,
-2.2641864300 ,
-2.2927861400 ,
-2.3214848000 ,
-2.3502807000 ,
-2.3791721400 ,
-2.4081574300 ,
-2.4372348800 ,
-2.4664028100 ,
-2.4956595200 ,
-2.5250033400 ,
-2.5544325900 ,
-2.5839456200 ,
-2.6135407500 ,
-2.6432163200 ,
-2.6729706800 ,
-2.7028021800 ,
-2.7327091800 ,
-2.7626900300 ,
-2.7927431100 ,
-2.8228667800 ,
-2.8530594300 ,
-2.8833194300 ,
-2.9136451700 ,
-2.9440350600 ,
-2.9744874900 ,
-3.0050008600 ,
-3.0355736000 ,
-3.0662041300 ,
-3.0968908600 ,
-3.1276322400 ,
-3.1584267000 ,
-3.1892726900 ,
-3.2201686600 ,
-3.2511130700 ,
-3.2821044000 ,
-3.3131411100 ,
-3.3442216800 ,
-3.3753446100 ,
-3.4065083900 ,
-3.4377115300 ,
-3.4689525300 ,
-3.5002299100 ,
-3.5315422000 ,
-3.5628879300 ,
-3.5942656500 ,
-3.6256739000 ,
-3.6571112400 ,
-3.6885762300 ,
-3.7200674500 ,
-3.7515834800 ,
-3.7831229000 ,
-3.8146843200 ,
-3.8462663300 ,
-3.8778675600 ,
-3.9094866200 ,
-3.9411221400 ,
-3.9727727600 ,
-4.0044371200 ,
-4.0361138900 ,
-4.0678017200 ,
-4.0994992900 ,
-4.1312052800 ,
-4.1629183800 ,
-4.1946372800 ,
-4.2263606900 ,
-4.2580873200 ,
-4.2898159100 ,
-4.3215451700 ,
-4.3532738600 ,
-4.3850007300 ,
-4.4167245200 ,
-4.4484440200 ,
-4.4801579900 ,
-4.5118652200 ,
-4.5435645100 ,
-4.5752546500 ,
-4.6069344700 ,
-4.6386027800 ,
-4.6702584200 ,
-4.7019002200 ,
-4.7335270200 ,
-4.7651376900 ,
-4.7967311000 ,
-4.8283061200 ,
-4.8598616200 ,
-4.8913965200 ,
-4.9229097000 ,
-4.9544000800 ,
-4.9858665800 ,
-5.0173081200 ,
-5.0487236600 ,
-5.0801121300 ,
-5.1114724900 ,
-5.1428037100 ,
-5.1741047600 ,
-5.2053746300 ,
-5.2366123000 ,
-5.2678167800 ,
-5.2989870900 ,
-5.3301222300 ,
-5.3612212400 ,
-5.3922831600 ,
-5.4233070300 ,
-5.4542919100 ,
-5.4852368700 ,
-5.5161409700 ,
-5.5470033000 ,
-5.5778229600 ,
-5.6085990300 ,
-5.6393306400 ,
-5.6700168900 ,
-5.7006569200 ,
-5.7312498600 ,
-5.7617948600 ,
-5.7922910700 ,
-5.8227376500 ,
-5.8531337700 ,
-5.8834786200 ,
-5.9137713700 ,
-5.9440112400 ,
-5.9741974100 ,
-6.0043291200 ,
-6.0344055800 ,
-6.0644260200 ,
-6.0943896800 ,
-6.1242958100 ,
-6.1541436700 ,
-6.1839325300 ,
-6.2136616500 ,
-6.2433303300 ,
-6.2729378400 ,
-6.3024835000 ,
-6.3319666100 ,
-6.3613864800 ,
-6.3907424400 ,
-6.4200338200 ,
-6.4492599600 ,
-6.4784202100 ,
-6.5075139300 ,
-6.5365404800 ,
-6.5654992400 ,
-6.5943895800 ,
-6.6232109000 ,
-6.6519626000 ,
-6.6806440700 ,
-6.7092547300 ,
-6.7377940000 ,
-6.7662613200 ,
-6.7946561100 ,
-6.8229778200 ,
-6.8512259100 ,
-6.8793998300 ,
-6.9074990500 ,
-6.9355230400 ,
-6.9634712900 ,
-6.9913432900 ,
-7.0191385300 ,
-7.0468565200 ,
-7.0744967700 ,
-7.1020588100 ,
-7.1295421500 ,
-7.1569463300 ,
-7.1842709000 ,
-7.2115154000 ,
-7.2386793900 ,
-7.2657624400 ,
-7.2927641000 ,
-7.3196839600 ,
-7.3465216100 ,
-7.3732766300 ,
-7.3999486200 ,
-7.4265371900 ,
-7.4530419500 ,
-7.4794625100 ,
-7.5057985100 ,
-7.5320495700 ,
-7.5582153300 ,
-7.5842954500 ,
-7.6102895600 ,
-7.6361973400 ,
-7.6620184300 ,
-7.6877525200 ,
-7.7133992900 ,
-7.7389584100 ,
-7.7644295800 ,
-7.7898124900 ,
-7.8151068500 ,
-7.8403123700 ,
-7.8654287600 ,
-7.8904557400 ,
-7.9153930400 ,
-7.9402404000 ,
-7.9649975500 ,
-7.9896642400 ,
-8.0142402300 ,
-8.0387252600 ,
-8.0631191000 ,
-8.0874215200 ,
-8.1116322900 ,
-8.1357512000 ,
-8.1597780400 ,
-8.1837125800 ,
-8.2075546300 ,
-8.2313039900 ,
-8.2549604800 ,
-8.2785239000 ,
-8.3019940600 ,
-8.3253708100 ,
-8.3486539600 ,
-8.3718433500 ,
-8.3949388200 ,
-8.4179402200 ,
-8.4408473900 ,
-8.4636601900 ,
-8.4863784800 ,
-8.5090021300 ,
-8.5315310100 ,
-8.5539649900 ,
-8.5763039500 ,
-8.5985477800 ,
-8.6206963600 ,
-8.6427496000 ,
-8.6647073800 ,
-8.6865696200 ,
-8.7083362300 ,
-8.7300071100 ,
-8.7515821800 ,
-8.7730613700 ,
-8.7944446000 ,
-8.8157318100 ,
-8.8369229200 ,
-8.8580178800 ,
-8.8790166400 ,
-8.8999191300 ,
-8.9207253200 ,
-8.9414351600 ,
-8.9620486100 ,
-8.9825656400 ,
-9.0029862100 ,
-9.0233103000 ,
-9.0435378900 ,
-9.0636689500 ,
-9.0837034800 ,
-9.1036414500 ,
-9.1234828700 ,
-9.1432277300 ,
-9.1628760300 ,
-9.1824277700 ,
-9.2018829600 ,
-9.2212416200 ,
-9.2405037500 ,
-9.2596693800 ,
-9.2787385300 ,
-9.2977112200 ,
-9.3165874900 ,
-9.3353673600 ,
-9.3540508700 ,
-9.3726380600 ,
-9.3911289700 ,
-9.4095236500 ,
-9.4278221500 ,
-9.4460245200 ,
-9.4641308200 ,
-9.4821411000 ,
-9.5000554200 ,
-9.5178738500 ,
-9.5355964600 ,
-9.5532233200 ,
-9.5707545100 ,
-9.5881900900 ,
-9.6055301500 ,
-9.6227747700 ,
-9.6399240400 ,
-9.6569780400 ,
-9.6739368700 ,
-9.6908006200 ,
-9.7075693900 ,
-9.7242432700 ,
-9.7408223600 ,
-9.7573067800 ,
-9.7736966200 ,
-9.7899920100 ,
-9.8061930400 ,
-9.8222998300 ,
-9.8383125100 ,
-9.8542311800 ,
-9.8700559800 ,
-9.8857870200 ,
-9.9014244300 ,
-9.9169683500 ,
-9.9324188900 ,
-9.9477762000 ,
-9.9630404100 ,
-9.9782116600 ,
-9.9932900900 ,
-10.0082758000,
-10.0231690000,
-10.0379699000,
-10.0526784000,
-10.0672949000,
-10.0818195000,
-10.0962522000,
-10.1105934000,
-10.1248430000,
-10.1390014000,
-10.1530686000,
-10.1670448000,
-10.1809302000,
-10.1947249000,
-10.2084292000,
-10.2220431000,
-10.2355669000,
-10.2490008000,
-10.2623448000,
-10.2755992000,
-10.2887642000,
-10.3018399000,
-10.3148266000,
-10.3277244000,
-10.3405334000,
-10.3532540000,
-10.3658862000,
-10.3784302000,
-10.3908863000,
-10.4032547000,
-10.4155355000,
-10.4277289000,
-10.4398352000,
-10.4518544000,
-10.4637869000,
-10.4756328000,
-10.4873923000,
-10.4990657000,
-10.5106531000,
-10.5221547000,
-10.5335708000,
-10.5449015000,
-10.5561470000,
-10.5673076000,
-10.5783835000,
-10.5893749000,
-10.6002820000,
-10.6111050000,
-10.6218441000,
-10.6324995000,
-10.6430715000,
-10.6535603000,
-10.6639661000,
-10.6742890000,
-10.6845294000,
-10.6946875000,
-10.7047634000,
-10.7147574000,
-10.7246698000,
-10.7345006000,
-10.7442503000,
-10.7539189000,
-10.7635067000,
-10.7730140000,
-10.7824410000,
-10.7917878000,
-10.8010548000,
-10.8102421000,
-10.8193500000,
-10.8283788000,
-10.8373285000,
-10.8461996000,
-10.8549922000,
-10.8637065000,
-10.8723427000,
-10.8809012000,
-10.8893822000,
-10.8977858000,
-10.9061123000,
-10.9143620000,
-10.9225351000,
-10.9306317000,
-10.9386523000,
-10.9465969000,
-10.9544659000,
-10.9622595000,
-10.9699778000,
-10.9776212000,
-10.9851899000,
-10.9926841000,
-11.0001041000,
-11.0074501000,
-11.0147223000,
-11.0219211000,
-11.0290465000,
-11.0360990000,
-11.0430786000,
-11.0499857000,
-11.0568204000,
-11.0635832000,
-11.0702740000,
-11.0768933000,
-11.0834413000,
-11.0899182000,
-11.0963242000,
-11.1026596000,
-11.1089246000,
-11.1151195000,
-11.1212445000,
-11.1272999000,
-11.1332859000,
-11.1392027000,
-11.1450506000,
-11.1508299000,
-11.1565407000,
-11.1621833000,
-11.1677580000,
-11.1732650000,
-11.1787045000,
-11.1840768000,
-11.1893822000,
-11.1946208000,
-11.1997929000,
-11.2048988000,
-11.2099387000,
-11.2149129000,
-11.2198215000,
-11.2246649000,
-11.2294432000,
-11.2341567000,
-11.2388057000,
-11.2433904000,
-11.2479111000,
-11.2523679000,
-11.2567611000,
-11.2610910000,
-11.2653578000,
-11.2695618000,
-11.2737031000,
-11.2777821000,
-11.2817989000,
-11.2857538000,
-11.2896471000,
-11.2934790000,
-11.2972497000,
-11.3009594000,
-11.3046085000,
-11.3081971000,
-11.3117254000,
-11.3151938000,
-11.3186025000,
-11.3219516000,
-11.3252415000,
-11.3284723000,
-11.3316444000,
-11.3347578000,
-11.3378130000,
-11.3408100000,
-11.3437493000,
-11.3466308000,
-11.3494550000,
-11.3522221000,
-11.3549322000,
-11.3575857000,
-11.3601827000,
-11.3627235000,
-11.3652083000,
-11.3676373000,
-11.3700109000,
-11.3723291000,
-11.3745923000,
-11.3768006000,
-11.3789544000,
-11.3810538000,
-11.3830990000,
-11.3850904000,
-11.3870280000,
-11.3889122000,
-11.3907432000,
-11.3925212000,
-11.3942464000,
-11.3959191000,
-11.3975394000,
-11.3991077000,
-11.4006240000,
-11.4020888000,
-11.4035021000,
-11.4048642000,
-11.4061753000,
-11.4074357000,
-11.4086456000,
-11.4098052000,
-11.4109146000,
-11.4119742000,
-11.4129842000,
-11.4139447000,
-11.4148560000,
-11.4157184000,
-11.4165319000,
-11.4172970000,
-11.4180137000,
-11.4186822000,
-11.4193029000,
-11.4198759000,
-11.4204014000,
-11.4208796000,
-11.4213108000,
-11.4216952000,
-11.4220330000,
-11.4223244000,
-11.4225696000,
-11.4227688000,
-11.4229222000,
-11.4230301000,
-11.4230926000,
-11.4231100000,
-11.4230825000,
-11.4230102000,
-11.4228935000,
-11.4227324000,
-11.4225272000,
-11.4222782000,
-11.4219854000,
-11.4216492000,
-11.4212697000,
-11.4208471000,
-11.4203816000,
-11.4198735000,
-11.4193229000,
-11.4187301000,
-11.4180952000,
-11.4174184000,
-11.4167000000,
-11.4159401000,
-11.4151389000,
-11.4142967000,
-11.4134136000,
-11.4124899000,
-11.4115256000,
-11.4105211000,
-11.4094765000,
-11.4083920000,
-11.4072678000,
-11.4061042000,
-11.4049012000,
-11.4036591000,
-11.4023780000,
-11.4010583000,
-11.3997000000,
-11.3983033000,
-11.3968685000,
-11.3953957000,
-11.3938851000,
-11.3923369000,
-11.3907514000,
-11.3891285000,
-11.3874687000,
-11.3857720000,
-11.3840386000,
-11.3822688000,
-11.3804626000,
-11.3786204000,
-11.3767421000,
-11.3748282000,
-11.3728787000,
-11.3708937000,
-11.3688736000,
-11.3668184000,
-11.3647284000,
-11.3626037000,
-11.3604445000,
-11.3582510000,
-11.3560234000,
-11.3537618000,
-11.3514663000,
-11.3491373000,
-11.3467748000,
-11.3443791000,
-11.3419502000,
-11.3394885000,
-11.3369939000,
-11.3344668000,
-11.3319073000,
-11.3293155000,
-11.3266917000,
-11.3240359000,
-11.3213485000,
-11.3186294000,
-11.3158790000,
-11.3130973000,
-11.3102845000,
-11.3074408000,
-11.3045664000,
-11.3016614000,
-11.2987260000,
-11.2957604000,
-11.2927646000,
-11.2897390000,
-11.2866835000,
-11.2835985000,
-11.2804840000,
-11.2773402000,
-11.2741673000,
-11.2709655000,
-11.2677348000,
-11.2644754000,
-11.2611876000,
-11.2578714000,
-11.2545270000,
-11.2511546000,
-11.2477543000,
-11.2443263000,
-11.2408707000,
-11.2373877000,
-11.2338774000,
-11.2303400000,
-11.2267756000,
-11.2231844000,
-11.2195665000,
-11.2159222000,
-11.2122514000,
-11.2085544000,
-11.2048313000,
-11.2010823000,
-11.1973075000,
-11.1935071000,
-11.1896812000,
-11.1858299000,
-11.1819534000,
-11.1780519000,
-11.1741254000,
-11.1701741000,
-11.1661982000,
-11.1621978000,
-11.1581731000,
-11.1541241000,
-11.1500510000,
-11.1459540000,
-11.1418332000,
-11.1376887000,
-11.1335207000,
-11.1293293000,
-11.1251147000,
-11.1208769000,
-11.1166161000,
-11.1123325000,
-11.1080262000,
-11.1036972000,
-11.0993458000,
-11.0949721000,
-11.0905762000,
-11.0861583000,
-11.0817184000,
-11.0772567000,
-11.0727733000,
-11.0682684000,
-11.0637421000,
-11.0591945000,
-11.0546257000,
-11.0500359000,
-11.0454251000,
-11.0407936000,
-11.0361415000,
-11.0314688000,
-11.0267757000,
-11.0220623000,
-11.0173287000,
-11.0125751000,
-11.0078016000,
-11.0030083000,
-10.9981953000,
-10.9933627000,
-10.9885107000,
-10.9836394000,
-10.9787489000,
-10.9738393000,
-10.9689108000,
-10.9639634000,
-10.9589972000,
-10.9540125000,
-10.9490092000,
-10.9439876000,
-10.9389477000,
-10.9338896000,
-10.9288135000,
-10.9237195000,
-10.9186076000,
-10.9134781000,
-10.9083309000,
-10.9031663000,
-10.8979843000,
-10.8927850000,
-10.8875686000,
-10.8823352000,
-10.8770848000,
-10.8718176000,
-10.8665336000,
-10.8612331000,
-10.8559160000,
-10.8505826000,
-10.8452328000,
-10.8398669000,
-10.8344849000,
-10.8290869000,
-10.8236731000,
-10.8182434000,
-10.8127981000,
-10.8073372000,
-10.8018609000,
-10.7963692000,
-10.7908623000,
-10.7853401000,
-10.7798030000,
-10.7742508000,
-10.7686838000,
-10.7631021000,
-10.7575056000,
-10.7518946000,
-10.7462692000,
-10.7406293000,
-10.7349752000,
-10.7293069000,
-10.7236245000,
-10.7179281000,
-10.7122178000,
-10.7064938000,
-10.7007560000,
-10.6950046000,
-10.6892397000,
-10.6834613000,
-10.6776696000,
-10.6718647000,
-10.6660466000,
-10.6602155000,
-10.6543713000,
-10.6485143000,
-10.6426445000,
-10.6367620000,
-10.6308669000,
-10.6249592000,
-10.6190391000,
-10.6131067000,
-10.6071620000,
-10.6012051000,
-10.5952361000,
-10.5892551000,
-10.5832621000,
-10.5772574000,
-10.5712408000,
-10.5652127000,
-10.5591729000,
-10.5531216000,
-10.5470589000,
-10.5409848000,
-10.5348995000,
-10.5288030000,
-10.5226955000,
-10.5165769000,
-10.5104473000,
-10.5043070000,
-10.4981558000,
-10.4919940000,
-10.4858215000,
-10.4796385000,
-10.4734450000,
-10.4672412000,
-10.4610270000,
-10.4548027000,
-10.4485681000,
-10.4423235000,
-10.4360689000,
-10.4298044000,
-10.4235300000,
-10.4172458000,
-10.4109520000,
-10.4046485000,
-10.3983354000,
-10.3920129000,
-10.3856810000,
-10.3793397000,
-10.3729891000,
-10.3666294000,
-10.3602606000,
-10.3538827000,
-10.3474958000,
-10.3411000000,
-10.3346953000,
-10.3282819000,
-10.3218598000,
-10.3154291000,
-10.3089898000,
-10.3025420000,
-10.2960858000,
-10.2896212000,
-10.2831483000,
-10.2766671000,
-10.2701779000,
-10.2636805000,
-10.2571751000,
-10.2506617000,
-10.2441404000,
-10.2376113000,
-10.2310744000,
-10.2245299000,
-10.2179776000,
-10.2114178000,
-10.2048505000,
-10.1982757000,
-10.1916935000,
-10.1851040000,
-10.1785072000,
-10.1719032000,
-10.1652921000,
-10.1586739000,
-10.1520486000,
-10.1454164000,
-10.1387773000,
-10.1321313000,
-10.1254785000,
-10.1188191000,
-10.1121529000,
-10.1054801000,
-10.0988008000,
-10.0921150000,
-10.0854227000,
-10.0787241000,
-10.0720191000,
-10.0653078000,
-10.0585904000,
-10.0518667000,
-10.0451370000,
-10.0384012000,
-10.0316595000,
-10.0249118000,
-10.0181582000,
-10.0113988000,
-10.0046336000,
-9.9978626500 ,
-9.9910860500 ,
-9.9843038400 ,
-9.9775160700 ,
-9.9707227800 ,
-9.9639240300 ,
-9.9571198700 ,
-9.9503103500 ,
-9.9434955200 ,
-9.9366754400 ,
-9.9298501500 ,
-9.9230197100 ,
-9.9161841600 ,
-9.9093435500 ,
-9.9024979400 ,
-9.8956473700 ,
-9.8887919000 ,
-9.8819315600 ,
-9.8750664100 ,
-9.8681965000 ,
-9.8613218800 ,
-9.8544425800 ,
-9.8475586700 ,
-9.8406701800 ,
-9.8337771700 ,
-9.8268796800 ,
-9.8199777500 ,
-9.8130714400 ,
-9.8061607800 ,
-9.7992458300 ,
-9.7923266300 ,
-9.7854032200 ,
-9.7784756600 ,
-9.7715439700 ,
-9.7646082200 ,
-9.7576684300 ,
-9.7507246600 ,
-9.7437769600 ,
-9.7368253500 ,
-9.7298698900 ,
-9.7229106200 ,
-9.7159475800 ,
-9.7089808200 ,
-9.7020103700 ,
-9.6950362800 ,
-9.6880585900 ,
-9.6810773500 ,
-9.6740925800 ,
-9.6671043400 ,
-9.6601126600 ,
-9.6531175900 ,
-9.6461191600 ,
-9.6391174200 ,
-9.6321124000 ,
-9.6251041500 ,
-9.6180927100 ,
-9.6110781100 ,
-9.6040603900 ,
-9.5970395900 ,
-9.5900157500 ,
-9.5829889200 ,
-9.5759591200 ,
-9.5689263900 ,
-9.5618907800 ,
-9.5548523100 ,
-9.5478110400 ,
-9.5407669900 ,
-9.5337202000 ,
-9.5266707100 ,
-9.5196185600 ,
-9.5125637700 ,
-9.5055064000 ,
-9.4984464600 ,
-9.4913840100 ,
-9.4843190700 ,
-9.4772516800 ,
-9.4701818800 ,
-9.4631097000 ,
-9.4560351700 ,
-9.4489583300 ,
-9.4418792200 ,
-9.4347978600 ,
-9.4277143000 ,
-9.4206285600 ,
-9.4135406800 ,
-9.4064507000 ,
-9.3993586400 ,
-9.3922645400 ,
-9.3851684400 ,
-9.3780703500 ,
-9.3709703300 ,
-9.3638684000 ,
-9.3567645900 ,
-9.3496589400 ,
-9.3425514700 ,
-9.3354422200 ,
-9.3283312200 ,
-9.3212185000 ,
-9.3141040900 ,
-9.3069880300 ,
-9.2998703400 ,
-9.2927510500 ,
-9.2856302000 ,
-9.2785078200 ,
-9.2713839300 ,
-9.2642585700 ,
-9.2571317700 ,
-9.2500035500 ,
-9.2428739500 ,
-9.2357429900 ,
-9.2286107100 ,
-9.2214771300 ,
-9.2143422800 ,
-9.2072061900 ,
-9.2000689000 ,
-9.1929304200 ,
-9.1857907900 ,
-9.1786500300 ,
-9.1715081800 ,
-9.1643652600 ,
-9.1572213000 ,
-9.1500763200 ,
-9.1429303600 ,
-9.1357834400 ,
-9.1286355900 ,
-9.1214868400 ,
-9.1143372100 ,
-9.1071867300 ,
-9.1000354200 ,
-9.0928833200 ,
-9.0857304500 ,
-9.0785768400 ,
-9.0714225100 ,
-9.0642674800 ,
-9.0571118000 ,
-9.0499554700 ,
-9.0427985300 ,
-9.0356410000 ,
-9.0284829000 ,
-9.0213242700 ,
-9.0141651300 ,
-9.0070055000 ,
-8.9998454100 ,
-8.9926848800 ,
-8.9855239400 ,
-8.9783626200 ,
-8.9712009200 ,
-8.9640389000 ,
-8.9568765500 ,
-8.9497139200 ,
-8.9425510200 ,
-8.9353878800 ,
-8.9282245200 ,
-8.9210609700 ,
-8.9138972500 ,
-8.9067333800 ,
-8.8995693900 ,
-8.8924053000 ,
-8.8852411300 ,
-8.8780769100 ,
-8.8709126600 ,
-8.8637484000 ,
-8.8565841600 ,
-8.8494199600 ,
-8.8422558200 ,
-8.8350917600 ,
-8.8279278100 ,
-8.8207639900 ,
-8.8136003300 ,
-8.8064368400 ,
-8.7992735400 ,
-8.7921104700 ,
-8.7849476300 ,
-8.7777850600 ,
-8.7706227700 ,
-8.7634607900 ,
-8.7562991400 ,
-8.7491378400 ,
-8.7419769200 ,
-8.7348163800 ,
-8.7276562600 ,
-8.7204965800 ,
-8.7133373600 ,
-8.7061786200 ,
-8.6990203700 ,
-8.6918626500 ,
-8.6847054700 ,
-8.6775488600 ,
-8.6703928300 ,
-8.6632374100 ,
-8.6560826200 ,
-8.6489284700 ,
-8.6417750000 ,
-8.6346222100 ,
-8.6274701300 ,
-8.6203187800 ,
-8.6131681900 ,
-8.6060183600 ,
-8.5988693300 ,
-8.5917211100 ,
-8.5845737300 ,
-8.5774272000 ,
-8.5702815400 ,
-8.5631367800 ,
-8.5559929300 ,
-8.5488500200 ,
-8.5417080600 ,
-8.5345670800 ,
-8.5274270900 ,
-8.5202881200 ,
-8.5131501800 ,
-8.5060133000 ,
-8.4988774900 ,
-8.4917427800 ,
-8.4846091900 ,
-8.4774767300 ,
-8.4703454200 ,
-8.4632152900 ,
-8.4560863600 ,
-8.4489586400 ,
-8.4418321500 ,
-8.4347069200 ,
-8.4275829600 ,
-8.4204603000 ,
-8.4133389500 ,
-8.4062189300 ,
-8.3991002700 ,
-8.3919829800 ,
-8.3848670800 ,
-8.3777525900 ,
-8.3706395400 ,
-8.3635279300 ,
-8.3564178000 ,
-8.3493091600 ,
-8.3422020300 ,
-8.3350964300 ,
-8.3279923800 ,
-8.3208899000 ,
-8.3137890100 ,
-8.3066897300 ,
-8.2995920800 ,
-8.2924960800 ,
-8.2854017500 ,
-8.2783091000 ,
-8.2712181700 ,
-8.2641289600 ,
-8.2570415000 ,
-8.2499558100 ,
-8.2428719000 ,
-8.2357898100 ,
-8.2287095400 ,
-8.2216311200 ,
-8.2145545600 ,
-8.2074799000 ,
-8.2004071400 ,
-8.1933363100 ,
-8.1862674300 ,
-8.1792005200 ,
-8.1721356000 ,
-8.1650726800 ,
-8.1580117900 ,
-8.1509529600 ,
-8.1438961900 ,
-8.1368415200 ,
-8.1297889500 ,
-8.1227385200 ,
-8.1156902400 ,
-8.1086441300 ,
-8.1016002200 ,
-8.0945585200 ,
-8.0875190500 ,
-8.0804818400 ,
-8.0734469100 ,
-8.0664142800 ,
-8.0593839600 ,
-8.0523559900 ,
-8.0453303700 ,
-8.0383071400 ,
-8.0312863200 ,
-8.0242679200 ,
-8.0172519700 ,
-8.0102384800 ,
-8.0032274900 ,
-7.9962190100 ,
-7.9892130600 ,
-7.9822096700 ,
-7.9752088600 ,
-7.9682106500 ,
-7.9612150600 ,
-7.9542221100 ,
-7.9472318300 ,
-7.9402442500 ,
-7.9332593700 ,
-7.9262772300 ,
-7.9192978500 ,
-7.9123212500 ,
-7.9053474500 ,
-7.8983764800 ,
-7.8914083600 ,
-7.8844431100 ,
-7.8774807600 ,
-7.8705213300 ,
-7.8635648400 ,
-7.8566113200 ,
-7.8496608000 ,
-7.8427132900 ,
-7.8357688200 ,
-7.8288274100 ,
-7.8218891000 ,
-7.8149538900 ,
-7.8080218300 ,
-7.8010929300 ,
-7.7941672100 ,
-7.7872447100 ,
-7.7803254500 ,
-7.7734094500 ,
-7.7664967400 ,
-7.7595873400 ,
-7.7526812900 ,
-7.7457786000 ,
-7.7388793100 ,
-7.7319834300 ,
-7.7250910000 ,
-7.7182020400 ,
-7.7113165800 ,
-7.7044346400 ,
-7.6975562600 ,
-7.6906814600 ,
-7.6838102600 ,
-7.6769427000 ,
-7.6700788100 ,
-7.6632186000 ,
-7.6563621100 ,
-7.6495093700 ,
-7.6426604000 ,
-7.6358152400 ,
-7.6289739100 ,
-7.6221364400 ,
-7.6153028600 ,
-7.6084732000 ,
-7.6016474900 ,
-7.5948257500 ,
-7.5880080300 ,
-7.5811943500 ,
-7.5743847300 ,
-7.5675792200 ,
-7.5607778300 ,
-7.5539806100 ,
-7.5471875700 ,
-7.5403987600 ,
-7.5336142100 ,
-7.5268339400 ,
-7.5200579900 ,
-7.5132863900 ,
-7.5065191700 ,
-7.4997563700 ,
-7.4929980100 ,
-7.4862441300 ,
-7.4794947700 ,
-7.4727499500 ,
-7.4660097100 ,
-7.4592740900 ,
-7.4525431100 ,
-7.4458168200 ,
-7.4390952400 ,
-7.4323784100 ,
-7.4256663700 ,
-7.4189591400 ,
-7.4122567700 ,
-7.4055593000 ,
-7.3988667400 ,
-7.3921791600 ,
-7.3854965600 ,
-7.3788190100 ,
-7.3721465200 ,
-7.3654791500 ,
-7.3588169100 ,
-7.3521598600 ,
-7.3455080300 ,
-7.3388614600 ,
-7.3322201800 ,
-7.3255842400 ,
-7.3189536600 ,
-7.3123285000 ,
-7.3057087900 ,
-7.2990945600 ,
-7.2924858600 ,
-7.2858827300 ,
-7.2792852100 ,
-7.2726933300 ,
-7.2661071400 ,
-7.2595266700 ,
-7.2529519800 ,
-7.2463830900 ,
-7.2398200500 ,
-7.2332629000 ,
-7.2267116900 ,
-7.2201664500 ,
-7.2136272300 ,
-7.2070940600 ,
-7.2005670000 ,
-7.1940460800 ,
-7.1875313400 ,
-7.1810228400 ,
-7.1745206100 ,
-7.1680247000 ,
-7.1615351500 ,
-7.1550520000 ,
-7.1485753100 ,
-7.1421051000 ,
-7.1356414400 ,
-7.1291843500 ,
-7.1227339000 ,
-7.1162901200 ,
-7.1098530600 ,
-7.1034227700 ,
-7.0969992800 ,
-7.0905826600 ,
-7.0841729400 ,
-7.0777701600 ,
-7.0713743900 ,
-7.0649856600 ,
-7.0586040200 ,
-7.0522295300 ,
-7.0458622200 ,
-7.0395021400 ,
-7.0331493500 ,
-7.0268038900 ,
-7.0204658000 ,
-7.0141351500 ,
-7.0078119700 ,
-7.0014963200 ,
-6.9951882500 ,
-6.9888878000 ,
-6.9825950300 ,
-6.9763099800 ,
-6.9700327000 ,
-6.9637632500 ,
-6.9575016700 ,
-6.9512480200 ,
-6.9450023500 ,
-6.9387647000 ,
-6.9325351300 ,
-6.9263136900 ,
-6.9201004300 ,
-6.9138954000 ,
-6.9076986600 ,
-6.9015102500 ,
-6.8953302300 ,
-6.8891586400 ,
-6.8829955500 ,
-6.8768410000 ,
-6.8706950500 ,
-6.8645577500 ,
-6.8584291500 ,
-6.8523093000 ,
-6.8461982600 ,
-6.8400960900 ,
-6.8340028200 ,
-6.8279185300 ,
-6.8218432500 ,
-6.8157770500 ,
-6.8097199800 ,
-6.8036720900 ,
-6.7976334400 ,
-6.7916040800 ,
-6.7855840600 ,
-6.7795734400 ,
-6.7735722700 ,
-6.7675806100 ,
-6.7615985100 ,
-6.7556260300 ,
-6.7496632200 ,
-6.7437101300 ,
-6.7377668300 ,
-6.7318333500 ,
-6.7259097700 ,
-6.7199961400 ,
-6.7140925000 ,
-6.7081989200 ,
-6.7023154500 ,
-6.6964421400 ,
-6.6905790600 ,
-6.6847262500 ,
-6.6788837600 ,
-6.6730516700 ,
-6.6672300200 ,
-6.6614188600 ,
-6.6556182600 ,
-6.6498282600 ,
-6.6440489200 ,
-6.6382803000 ,
-6.6325224600 ,
-6.6267754400 ,
-6.6210393100 ,
-6.6153141100 ,
-6.6095999100 ,
-6.6038967600 ,
-6.5982047200 ,
-6.5925238300 ,
-6.5868541600 ,
-6.5811957600 ,
-6.5755486900 ,
-6.5699130000 ,
-6.5642887400 ,
-6.5586759700 ,
-6.5530747500 ,
-6.5474851300 ,
-6.5419071600 ,
-6.5363409100 ,
-6.5307864200 ,
-6.5252437500 ,
-6.5197129500 ,
-6.5141940800 ,
-6.5086872000 ,
-6.5031923500 ,
-6.4977096000 ,
-6.4922389900 ,
-6.4867805800 ,
-6.4813344200 ,
-6.4759005700 ,
-6.4704790800 ,
-6.4650700100 ,
-6.4596734100 ,
-6.4542893300 ,
-6.4489178200 ,
-6.4435589500 ,
-6.4382127500 ,
-6.4328792900 ,
-6.4275586200 ,
-6.4222507900 ,
-6.4169558500 ,
-6.4116738500 ,
-6.4064048600 ,
-6.4011489100 ,
-6.3959060700 ,
-6.3906763800 ,
-6.3854598900 ,
-6.3802566600 ,
-6.3750667400 ,
-6.3698901800 ,
-6.3647270300 ,
-6.3595773400 ,
-6.3544411600 ,
-6.3493185500 ,
-6.3442095500 ,
-6.3391142100 ,
-6.3340325800 ,
-6.3289647200 ,
-6.3239106700 ,
-6.3188704800 ,
-6.3138442100 ,
-6.3088318900 ,
-6.3038335900 ,
-6.2988493400 ,
-6.2938792000 ,
-6.2889232100 ,
-6.2839814300 ,
-6.2790539000 ,
-6.2741406600 ,
-6.2692417800 ,
-6.2643572800 ,
-6.2594872300 ,
-6.2546316600 ,
-6.2497906300 ,
-6.2449641800 ,
-6.2401523600 ,
-6.2353552100 ,
-6.2305727700 ,
-6.2258051100 ,
-6.2210522500 ,
-6.2163142400 ,
-6.2115911400 ,
-6.2068829800 ,
-6.2021898100 ,
-6.1975116700 ,
-6.1928486000 ,
-6.1882006600 ,
-6.1835678900 ,
-6.1789503100 ,
-6.1743480000 ,
-6.1697609700 ,
-6.1651892800 ,
-6.1606329600 ,
-6.1560920700 ,
-6.1515666400 ,
-6.1470567200 ,
-6.1425623300 ,
-6.1380835400 ,
-6.1336203700 ,
-6.1291728700 ,
-6.1247410800 ,
-6.1203250400 ,
-6.1159247800 ,
-6.1115403600 ,
-6.1071718000 ,
-6.1028191500 ,
-6.0984824400 ,
-6.0941617200 ,
-6.0898570200 ,
-6.0855683900 ,
-6.0812958500 ,
-6.0770394500 ,
-6.0727992200 ,
-6.0685752100 ,
-6.0643674400 ,
-6.0601759700 ,
-6.0560008100 ,
-6.0518420100 ,
-6.0476996100 ,
-6.0435736400 ,
-6.0394641300 ,
-6.0353711300 ,
-6.0312946600 ,
-6.0272347600 ,
-6.0231914700 ,
-6.0191648200 ,
-6.0151548500 ,
-6.0111615800 ,
-6.0071850600 ,
-6.0032253100 ,
-5.9992823700 ,
-5.9953562700 ,
-5.9914470500 ,
-5.9875547300 ,
-5.9836793600 ,
-5.9798209500 ,
-5.9759795500 ,
-5.9721551800 ,
-5.9683478900 ,
-5.9645576800 ,
-5.9607846100 ,
-5.9570286900 ,
-5.9532899700 ,
-5.9495684600 ,
-5.9458642100 ,
-5.9421772300 ,
-5.9385075700 ,
-5.9348552400 ,
-5.9312202800 ,
-5.9276027200 ,
-5.9240025800 ,
-5.9204198900 ,
-5.9168546900 ,
-5.9133070000 ,
-5.9097768400 ,
-5.9062642600 ,
-5.9027692600 ,
-5.8992918900 ,
-5.8958321600 ,
-5.8923901100 ,
-5.8889657600 ,
-5.8855591300 ,
-5.8821702600 ,
-5.8787991700 ,
-5.8754458900 ,
-5.8721104400 ,
-5.8687928400 ,
-5.8654931300 ,
-5.8622113200 ,
-5.8589474400 ,
-5.8557015300 ,
-5.8524735900 ,
-5.8492636600 ,
-5.8460717600 ,
-5.8428979100 ,
-5.8397421400 ,
-5.8366044800 ,
-5.8334849300 ,
-5.8303835400 ,
-5.8273003200 ,
-5.8242352900 ,
-5.8211884800 ,
-5.8181599100 ,
-5.8151496000 ,
-5.8121575700 ,
-5.8091838600 ,
-5.8062284700 ,
-5.8032914300 ,
-5.8003727600 ,
-5.7974724900 ,
-5.7945906400 ,
-5.7917272200 ,
-5.7888822500 ,
-5.7860557700 ,
-5.7832477900 ,
-5.7804583200 ,
-5.7776874000 ,
-5.7749350400 ,
-5.7722012600 ,
-5.7694860800 ,
-5.7667895200 ,
-5.7641116000 ,
-5.7614523500 ,
-5.7588117700 ,
-5.7561899000 ,
-5.7535867400 ,
-5.7510023200 ,
-5.7484366700 ,
-5.7458897800 ,
-5.7433617000 ,
-5.7408524300 ,
-5.7383619900 ,
-5.7358904000 ,
-5.7334376800 ,
-5.7310038600 ,
-5.7285889400 ,
-5.7261929400 ,
-5.7238158900 ,
-5.7214577900 ,
-5.7191186800 ,
-5.7167985600 ,
-5.7144974600 ,
-5.7122153900 ,
-5.7099523700 ,
-5.7077084200 ,
-5.7054835400 ,
-5.7032777800 ,
-5.7010911200 ,
-5.6989236100 ,
-5.6967752500 ,
-5.6946460500 ,
-5.6925360400 ,
-5.6904452400 ,
-5.6883736500 ,
-5.6863213000 ,
-5.6842882100 ,
-5.6822743800 ,
-5.6802798400 ,
-5.6783046000 ,
-5.6763486800 ,
-5.6744120900 ,
-5.6724948500 ,
-5.6705969800 ,
-5.6687185000 ,
-5.6668594100 ,
-5.6650197400 ,
-5.6631995000 ,
-5.6613987000 ,
-5.6596173700 ,
-5.6578555100 ,
-5.6561131500 ,
-5.6543903000 ,
-5.6526869800 ,
-5.6510031900 ,
-5.6493389700 ,
-5.6476943100 ,
-5.6460692500 ,
-5.6444637800 ,
-5.6428779400 ,
-5.6413117300 ,
-5.6397651600 ,
-5.6382382700 ,
-5.6367310500 ,
-5.6352435300 ,
-5.6337757200 ,
-5.6323276400 ,
-5.6308993000 ,
-5.6294907100 ,
-5.6281019000 ,
-5.6267328800 ,
-5.6253836500 ,
-5.6240542500 ,
-5.6227446800 ,
-5.6214549600 ,
-5.6201851000 ,
-5.6189351200 ,
-5.6177050300 ,
-5.6164948600 ,
-5.6153046000 ,
-5.6141342900 ,
-5.6129839400 ,
-5.6118535500 ,
-5.6107431500 ,
-5.6096527500 ,
-5.6085823600 ,
-5.6075320100 ,
-5.6065017100 ,
-5.6054914600 ,
-5.6045012900 ,
-5.6035312200 ,
-5.6025812500 ,
-5.6016514100 ,
-5.6007417100 ,
-5.5998521600 ,
-5.5989827800 ,
-5.5981335800 ,
-5.5973045900 ,
-5.5964958100 ,
-5.5957072700 ,
-5.5949389700 ,
-5.5941909300 ,
-5.5934631800 ,
-5.5927557200 ,
-5.5920685600 ,
-5.5914017400 ,
-5.5907552600 ,
-5.5901291300 ,
-5.5895233800 ,
-5.5889380100 ,
-5.5883730600 ,
-5.5878285200 ,
-5.5873044200 ,
-5.5868007800 ,
-5.5863176000 ,
-5.5858549100 ,
-5.5854127300 ,
-5.5849910600 ,
-5.5845899300 ,
-5.5842093500 ,
-5.5838493400 ,
-5.5835099100 ,
-5.5831910800 ,
-5.5828928800 ,
-5.5826153000 ,
-5.5823583800 ,
-5.5821221300 ,
-5.5819065600 ,
-5.5817116900 ,
-5.5815375500 ,
-5.5813841400 ,
-5.5812514800 ,
-5.5811396000 ,
-5.5810485000 ,
-5.5809782100 ,
-5.5809287500 ,
-5.5809001200 ,
-5.5808923500 ,
-5.5809054600 ,
-5.5809394600 ,
-5.5809943800 ,
-5.5810702200 ,
-5.5811670200 ,
-5.5812847700 ,
-5.5814235200 ,
-5.5815832600 ,
-5.5817640300 ,
-5.5819658300 ,
-5.5821886900 ,
-5.5824326300 ,
-5.5826976700 ,
-5.5829838100 ,
-5.5832910900 ,
-5.5836195300 ,
-5.5839691300 ,
-5.5843399200 ,
-5.5847319300 ,
-5.5851451600 ,
-5.5855796400 ,
-5.5860353800 ,
-5.5865124200 ,
-5.5870107600 ,
-5.5875304300 ,
-5.5880714500 ,
-5.5886338300 ,
-5.5892176000 ,
-5.5898227800 ,
-5.5904493800 ,
-5.5910974300 ,
-5.5917669600 ,
-5.5924579700 ,
-5.5931704900 ,
-5.5939045400 ,
-5.5946601500 ,
-5.5954373300 ,
-5.5962361000 ,
-5.5970564900 ,
-5.5978985200 ,
-5.5987622100 ,
-5.5996475800 ,
-5.6005546500 ,
-5.6014834400 ,
-5.6024339800 ,
-5.6034063000 ,
-5.6044004000 ,
-5.6054163100 ,
-5.6064540700 ,
-5.6075136800 ,
-5.6085951700 ,
-5.6096985700 ,
-5.6108238900 ,
-5.6119711700 ,
-5.6131404200 ,
-5.6143316600 ,
-5.6155449300 ,
-5.6167802500 ,
-5.6180376300 ,
-5.6193171000 ,
-5.6206187000 ,
-5.6219424300 ,
-5.6232883300 ,
-5.6246564100 ,
-5.6260467200 ,
-5.6274592600 ,
-5.6288940700 ,
-5.6303511600 ,
-5.6318305700 ,
-5.6333323200 ,
-5.6348564300 ,
-5.6364029400 ,
-5.6379718600 ,
-5.6395632200 ,
-5.6411770600 ,
-5.6428133900 ,
-5.6444722300 ,
-5.6461536300 ,
-5.6478576000 ,
-5.6495841700 ,
-5.6513333700 ,
-5.6531052300 ,
-5.6548997600 ,
-5.6567170100 ,
-5.6585569900 ,
-5.6604197400 ,
-5.6623052800 ,
-5.6642136400 ,
-5.6661448500 ,
-5.6680989400 ,
-5.6700759300 ,
-5.6720758600 ,
-5.6740987500 ,
-5.6761446300 ,
-5.6782135400 ,
-5.6803054900 ,
-5.6824205300 ,
-5.6845586700 ,
-5.6867199500 ,
-5.6889044100 ,
-5.6911120600 ,
-5.6933429400 ,
-5.6955970800 ,
-5.6978745100 ,
-5.7001752700 ,
-5.7024993700 ,
-5.7048468600 ,
-5.7072177700 ,
-5.7096121200 ,
-5.7120299500 ,
-5.7144712900 ,
-5.7169361700 ,
-5.7194246200 ,
-5.7219366800 ,
-5.7244723800 ,
-5.7270317500 ,
-5.7296148300 ,
-5.7322216400 ,
-5.7348522200 ,
-5.7375066100 ,
-5.7401848400 ,
-5.7428869300 ,
-5.7456129400 ,
-5.7483628800 ,
-5.7511367900 ,
-5.7539347200 ,
-5.7567566900 ,
-5.7596027400 ,
-5.7624729000 ,
-5.7653672100 ,
-5.7682857000 ,
-5.7712284100 ,
-5.7741953800 ,
-5.7771866400 ,
-5.7802022300 ,
-5.7832421900 ,
-5.7863065400 ,
-5.7893953300 ,
-5.7925086000 ,
-5.7956463800 ,
-5.7988087100 ,
-5.8019956300 ,
-5.8052071800 ,
-5.8084433900 ,
-5.8117043000 ,
-5.8149899500 ,
-5.8183003700 ,
-5.8216356200 ,
-5.8249957300 ,
-5.8283807300 ,
-5.8317906600 ,
-5.8352255800 ,
-5.8386855000 ,
-5.8421704900 ,
-5.8456805700 ,
-5.8492157800 ,
-5.8527761800 ,
-5.8563617900 ,
-5.8599726600 ,
-5.8636088400 ,
-5.8672703500 ,
-5.8709572500 ,
-5.8746695800 ,
-5.8784073800 ,
-5.8821706900 ,
-5.8859595500 ,
-5.8897740200 ,
-5.8936141200 ,
-5.8974799100 ,
-5.9013714200 ,
-5.9052887100 ,
-5.9092318100 ,
-5.9132007800 ,
-5.9171956500 ,
-5.9212164700 ,
-5.9252632800 ,
-5.9293361400 ,
-5.9334350800 ,
-5.9375601500 ,
-5.9417114000 ,
-5.9458888800 ,
-5.9500926200 ,
-5.9543226800 ,
-5.9585791100 ,
-5.9628619500 ,
-5.9671712500 ,
-5.9715070500 ,
-5.9758694100 ,
-5.9802583800 ,
-5.9846739900 ,
-5.9891163100 ,
-5.9935853700 ,
-5.9980812300 ,
-6.0026039400 ,
-6.0071535500 ,
-6.0117301100 ,
-6.0163336600 ,
-6.0209642600 ,
-6.0256219600 ,
-6.0303068200 ,
-6.0350188700 ,
-6.0397581700 ,
-6.0445247900 ,
-6.0493187500 ,
-6.0541401300 ,
-6.0589889700 ,
-6.0638653200 ,
-6.0687692400 ,
-6.0737007900 ,
-6.0786600000 ,
-6.0836469500 ,
-6.0886616800 ,
-6.0937042500 ,
-6.0987747100 ,
-6.1038731200 ,
-6.1089995300 ,
-6.1141539900 ,
-6.1193365800 ,
-6.1245473300 ,
-6.1297863100 ,
-6.1350535800 ,
-6.1403491800 ,
-6.1456731800 ,
-6.1510256400 ,
-6.1564066100 ,
-6.1618161600 ,
-6.1672543300 ,
-6.1727212000 ,
-6.1782168100 ,
-6.1837412300 ,
-6.1892945100 ,
-6.1948767200 ,
-6.2004879200 ,
-6.2061281700 ,
-6.2117975300 ,
-6.2174960500 ,
-6.2232238100 ,
-6.2289808600 ,
-6.2347672700 ,
-6.2405830900 ,
-6.2464283900 ,
-6.2523032400 ,
-6.2582076900 ,
-6.2641418200 ,
-6.2701056700 ,
-6.2760993300 ,
-6.2821228500 ,
-6.2881763000 ,
-6.2942597400 ,
-6.3003732400 ,
-6.3065168600]
X = [(i/N)**2 for i in range(N+1)]
#raznost = [0]*(N+1)
#for i in range(N+1):
#    raznost[i] = hren[i] - HI[i]
#
#
#plt.plot(raznost)
#plt.plot(HI)
plt.plot(X, hren)
plt.show()

print(theta(0.001) ** 2 / (3 * math.pi ** 3) * (hren[N] * integral_1_2(PHI[N]) + igrek(PHI[N])))

